! Solving for graph /home/truongxuanhieu/CPLEX-CP-for-MinSpanLabeling/benchmarks/cabp/S-sherman4.mtx.rnd
! Target value is set to 193
! Lower bound is set to 194
! Upper bound is set to 409
! Time limit is set to 1800
! Vertices mode is set to Has hole
! Target value mode is set to Cyclic Antibandwidth
 ! --------------------------------------------------- CP Optimizer 22.2.0.0 --
 ! Minimization problem - 547 variables, 1344 constraints, 1 phase
 ! TimeLimit            = 1800
 ! LogVerbosity         = Terse
 ! Initial process time : 0.04s (0.04s extraction + 0.00s propagation)
 !  . Log search space  : 4735.6 (before), 4735.6 (after)
 !  . Memory usage      : 2.8 MB (before), 2.8 MB (after)
 ! Using parallel search with 8 workers.
 ! ----------------------------------------------------------------------------
 !          Best Branches  Non-fixed    W       Branch decision
                        0        547                 -
 + New bound is 386
                       26        546    1   F   194 != _int165
 + New bound is 387
 *           387      572  0.17s        1      (gap is 0.00%)
 ! ----------------------------------------------------------------------------
 ! Search completed, 1 solution found.
 ! Best objective         : 387 (optimal - effective tol. is 0)
 ! Best bound             : 387
 ! ----------------------------------------------------------------------------
 ! Number of branches     : 6294
 ! Number of fails        : 887
 ! Total memory usage     : 50.5 MB (49.2 MB CP Optimizer + 1.3 MB Concert)
 ! Time spent in solve    : 0.17s (0.13s engine + 0.04s extraction)
 ! Search speed (br. / s) : 52450.0
 ! ----------------------------------------------------------------------------
! --------------------------------------------------------
! Status: OPTIMAL
! Best span = 387
! Labeling: 194 194 1 1 1 194 194 194 194 194 1 194 194 1 194 194 194 1 1 1 194 1 1 194 1 1 194 194 194 1 1 1 1 1 194 194 1 194 1 194 194 1 194 1 1 1 1 1 1 1 1 1 194 194 1 194 194 1 1 1 1 1 1 1 1 194 1 194 1 194 1 194 194 194 194 194 194 1 194 194 1 1 194 1 194 194 1 194 194 194 194 194 1 1 194 1 194 1 1 1 1 194 194 1 1 1 1 194 1 194 1 194 194 194 194 1 1 1 1 1 194 1 1 1 1 1 1 194 1 1 194 1 1 1 1 194 194 1 194 1 1 1 194 194 194 194 194 194 1 194 194 1 194 194 1 1 1 1 194 194 194 194 1 194 1 1 194 1 194 194 194 194 1 1 194 1 1 1 194 194 194 194 194 194 194 1 1 1 1 194 194 1 194 1 1 1 194 194 194 1 194 194 194 1 1 1 194 194 1 194 194 1 194 1 194 194 1 194 1 1 1 1 194 194 194 1 194 1 1 194 1 194 194 1 1 1 1 194 194 194 1 1 194 194 1 1 1 1 194 194 194 194 1 1 1 1 194 1 1 194 194 1 194 194 387 1 1 1 1 1 194 1 1 194 194 194 1 194 1 1 1 194 1 194 1 1 194 1 1 194 194 1 1 1 1 1 194 194 1 1 194 194 194 194 194 1 194 194 194 194 1 1 194 1 194 1 194 194 1 194 1 1 194 194 1 194 194 1 1 194 194 194 1 1 1 1 1 1 194 194 1 1 194 1 1 194 1 194 1 194 194 194 1 194 1 194 194 194 194 194 194 194 194 1 194 1 1 1 1 194 1 194 194 194 194 1 194 194 1 194 194 194 1 1 1 194 1 194 194 194 194 1 194 1 1 1 194 194 194 1 1 1 194 194 1 194 1 194 194 1 194 1 1 1 1 194 194 194 1 194 194 194 194 1 1 1 194 194 194 194 1 194 194 1 1 1 1 194 1 1 194 194 1 194 194 194 1 194 194 1 194 1 1 1 1 194 194 194 194 194 1 1 194 194 1 194 1 1 1 1 194 1 1 194 194 1 194 1 194 1 1 194 194 1 194 194 194 194 1 194 194 194 194 1 194 1 194 1 194 194 1 194 1 1 1 1 1 1 194 1 1 1 1 1 1 1 194 1 194 1 194 194 194 1 194 194 1 1 1 194 1 194 194 1 1 194 194 194 1 194 194 194 194 194 1 1 
! -------------------------------------------------------- 
! All verification passed
