! Solving for graph /home/truongxuanhieu/CPLEX-CP-for-MinSpanLabeling/benchmarks/cabp/V-nos6.mtx.rnd
! Target value is set to 246
! Lower bound is set to 247
! Upper bound is set to 506
! Time limit is set to 1800
! Vertices mode is set to Has hole
! Target value mode is set to Cyclic Antibandwidth
 ! --------------------------------------------------- CP Optimizer 22.2.0.0 --
 ! Minimization problem - 676 variables, 1293 constraints, 1 phase
 ! TimeLimit            = 1800
 ! LogVerbosity         = Terse
 ! Initial process time : 0.04s (0.04s extraction + 0.00s propagation)
 !  . Log search space  : 6062.7 (before), 6062.7 (after)
 !  . Memory usage      : 2.9 MB (before), 2.9 MB (after)
 ! Using parallel search with 8 workers.
 ! ----------------------------------------------------------------------------
 !          Best Branches  Non-fixed    W       Branch decision
                        0        676                 -
 + New bound is 492
                       16        675    1   F   247 != _int372
 + New bound is 493
 *           493      691  0.15s        1      (gap is 0.00%)
 ! ----------------------------------------------------------------------------
 ! Search completed, 1 solution found.
 ! Best objective         : 493 (optimal - effective tol. is 0)
 ! Best bound             : 493
 ! ----------------------------------------------------------------------------
 ! Number of branches     : 6771
 ! Number of fails        : 1305
 ! Total memory usage     : 51.3 MB (50.0 MB CP Optimizer + 1.3 MB Concert)
 ! Time spent in solve    : 0.15s (0.11s engine + 0.04s extraction)
 ! Search speed (br. / s) : 61554.5
 ! ----------------------------------------------------------------------------
! --------------------------------------------------------
! Status: OPTIMAL
! Best span = 493
! Labeling: 247 247 247 1 247 1 1 247 247 1 1 247 1 1 1 247 1 247 1 247 247 1 247 1 247 247 1 1 247 1 247 247 1 1 1 247 1 247 247 1 247 1 247 1 247 247 1 247 247 1 247 247 247 1 1 1 1 247 1 1 247 1 1 247 247 1 1 1 1 247 247 247 247 1 1 247 247 247 1 247 247 1 1 1 247 1 1 1 1 247 247 247 1 247 1 1 247 247 247 247 1 247 247 247 247 247 247 1 247 247 247 247 247 247 247 1 247 1 1 1 1 247 1 1 247 247 247 1 1 1 247 247 247 1 247 1 1 247 247 1 1 247 247 1 1 1 247 247 1 247 1 247 1 247 1 1 247 247 247 1 1 1 1 1 247 247 1 247 247 1 1 1 247 1 1 247 247 247 247 247 247 1 1 1 247 1 1 1 247 1 1 1 1 247 1 1 1 247 247 247 1 1 1 1 247 1 1 1 1 1 1 1 1 1 1 247 247 247 1 247 247 1 1 247 247 1 1 1 247 247 247 1 1 1 1 247 1 247 1 247 247 247 247 247 1 247 247 1 1 247 1 1 247 247 247 247 247 247 247 247 1 247 1 247 1 247 247 247 247 247 1 1 1 247 1 247 247 247 1 1 247 1 1 247 1 1 1 1 1 247 247 1 247 1 247 1 1 1 1 1 247 247 1 247 1 1 1 247 1 247 247 247 1 247 247 1 1 1 1 247 1 1 1 247 247 1 247 1 247 247 247 247 1 1 247 247 247 247 1 1 247 1 247 247 247 1 247 247 1 247 1 247 247 1 1 247 247 247 247 247 1 1 247 247 247 1 247 247 1 1 247 493 1 247 247 247 247 1 247 247 247 247 1 247 247 247 247 247 1 1 247 247 247 1 1 1 1 247 247 1 1 247 247 1 247 247 1 1 1 247 1 247 247 247 1 1 247 1 247 1 1 247 247 247 1 1 247 247 1 247 247 1 247 247 1 247 247 247 247 1 247 1 1 247 247 1 247 247 1 1 247 1 1 1 247 247 247 247 247 1 247 1 1 1 1 1 1 1 1 247 1 247 247 247 247 247 247 1 1 247 1 1 247 247 247 1 247 1 1 247 247 1 1 1 247 247 247 1 247 247 1 1 247 1 1 1 1 247 1 247 1 1 1 247 247 247 247 247 1 1 247 247 1 1 247 1 247 1 1 1 247 1 1 1 1 1 1 1 247 1 1 247 247 1 1 1 1 1 247 247 1 1 247 247 247 247 247 1 247 1 247 1 247 1 247 1 1 1 247 1 1 247 1 1 247 247 247 1 1 247 247 1 247 247 1 1 247 1 247 247 247 247 247 1 247 247 1 1 1 1 247 247 247 247 1 1 1 1 1 247 247 1 1 247 247 1 1 247 247 1 1 247 1 247 247 247 1 1 1 1 247 1 1 1 247 247 1 247 1 1 1 1 1 1 247 247 1 1 1 247 1 1 1 1 247 247 1 247 247 1 1 1 247 1 1 1 247 247 1 247 1 247 247 247 247 
! -------------------------------------------------------- 
! All verification passed
