! Solving for graph /home/truongxuanhieu/CPLEX-CP-for-MinSpanLabeling/benchmarks/cabp/S-sherman4.mtx.rnd
! Target value is set to 129
! Lower bound is set to 130
! Upper bound is set to 273
! Time limit is set to 1800
! Vertices mode is set to Has hole
! Target value mode is set to Cyclic Antibandwidth
 ! --------------------------------------------------- CP Optimizer 22.2.0.0 --
 ! Minimization problem - 547 variables, 1344 constraints, 1 phase
 ! TimeLimit            = 1800
 ! LogVerbosity         = Terse
 ! Initial process time : 0.06s (0.06s extraction + 0.00s propagation)
 !  . Log search space  : 4416.6 (before), 4416.6 (after)
 !  . Memory usage      : 2.8 MB (before), 2.8 MB (after)
 ! Using parallel search with 8 workers.
 ! ----------------------------------------------------------------------------
 !          Best Branches  Non-fixed    W       Branch decision
                        0        547                 -
 + New bound is 258
                       18        546    1   F   130 != _int165
 + New bound is 259
 *           259      564  0.17s        1      (gap is 0.00%)
 ! ----------------------------------------------------------------------------
 ! Search completed, 1 solution found.
 ! Best objective         : 259 (optimal - effective tol. is 0)
 ! Best bound             : 259
 ! ----------------------------------------------------------------------------
 ! Number of branches     : 6261
 ! Number of fails        : 1127
 ! Total memory usage     : 49.2 MB (47.9 MB CP Optimizer + 1.3 MB Concert)
 ! Time spent in solve    : 0.18s (0.13s engine + 0.06s extraction)
 ! Search speed (br. / s) : 52175.0
 ! ----------------------------------------------------------------------------
! --------------------------------------------------------
! Status: OPTIMAL
! Best span = 259
! Labeling: 130 130 1 1 1 130 130 130 130 130 1 130 130 1 130 130 130 1 1 1 130 1 1 130 1 1 130 130 130 1 1 1 1 1 130 130 1 130 1 130 130 1 130 1 1 1 1 1 1 1 1 1 130 130 1 130 130 1 1 1 1 1 1 1 1 130 1 130 1 130 1 130 130 130 130 130 130 1 130 130 1 1 130 1 130 130 1 130 130 130 130 130 1 1 130 1 130 1 1 1 1 130 130 1 1 1 1 130 1 130 1 130 130 130 130 1 1 1 1 1 130 1 1 1 1 1 1 130 1 1 130 1 1 1 1 130 130 1 130 1 1 1 130 130 130 130 130 130 1 130 130 1 130 130 1 1 1 1 130 130 130 130 1 130 1 1 130 1 130 130 130 130 1 1 130 1 1 1 130 130 130 130 130 130 130 1 1 1 1 130 130 1 130 1 1 1 130 130 130 1 130 130 130 1 1 1 130 130 1 130 130 1 130 1 130 130 1 130 1 1 1 1 130 130 130 1 130 1 1 130 1 130 130 1 1 1 1 130 130 130 1 1 130 130 1 1 1 1 130 130 130 130 1 1 1 1 130 1 1 130 130 1 130 130 259 1 1 1 1 1 130 1 1 130 130 130 1 130 1 1 1 130 1 130 1 1 130 1 1 130 130 1 1 1 1 1 130 130 1 1 130 130 130 130 130 1 130 130 130 130 1 1 130 1 130 1 130 130 1 130 1 1 130 130 1 130 130 1 1 130 130 130 1 1 1 1 1 1 130 130 1 1 130 1 1 130 1 130 1 130 130 130 1 130 1 130 130 130 130 130 130 130 130 1 130 1 1 1 1 130 1 130 130 130 130 1 130 130 1 130 130 130 1 1 1 130 1 130 130 130 130 1 130 1 1 1 130 130 130 1 1 1 130 130 1 130 1 130 130 1 130 1 1 1 1 130 130 130 1 130 130 130 130 1 1 1 130 130 130 130 1 130 130 1 1 1 1 130 1 1 130 130 1 130 130 130 1 130 130 1 130 1 1 1 1 130 130 130 130 130 1 1 130 130 1 130 1 1 1 1 130 1 1 130 130 1 130 1 130 1 1 130 130 1 130 130 130 130 1 130 130 130 130 1 130 1 130 1 130 130 1 130 1 1 1 1 1 1 130 1 1 1 1 1 1 1 130 1 130 1 130 130 130 1 130 130 1 1 1 130 1 130 130 1 1 130 130 130 1 130 130 130 130 130 1 1 
! -------------------------------------------------------- 
! All verification passed
