! Solving for graph /home/truongxuanhieu/CPLEX-CP-for-MinSpanLabeling/benchmarks/cabp/V-nos6.mtx.rnd
! Target value is set to 164
! Lower bound is set to 165
! Upper bound is set to 337
! Time limit is set to 1800
! Vertices mode is set to Has hole
! Target value mode is set to Cyclic Antibandwidth
 ! --------------------------------------------------- CP Optimizer 22.2.0.0 --
 ! Minimization problem - 676 variables, 1293 constraints, 1 phase
 ! TimeLimit            = 1800
 ! LogVerbosity         = Terse
 ! Initial process time : 0.06s (0.06s extraction + 0.00s propagation)
 !  . Log search space  : 5666.4 (before), 5666.4 (after)
 !  . Memory usage      : 2.9 MB (before), 2.9 MB (after)
 ! Using parallel search with 8 workers.
 ! ----------------------------------------------------------------------------
 !          Best Branches  Non-fixed    W       Branch decision
                        0        676                 -
 + New bound is 328
                       12        675    1   F   165 != _int372
 + New bound is 329
 *           329      687  0.18s        1      (gap is 0.00%)
 ! ----------------------------------------------------------------------------
 ! Search completed, 1 solution found.
 ! Best objective         : 329 (optimal - effective tol. is 0)
 ! Best bound             : 329
 ! ----------------------------------------------------------------------------
 ! Number of branches     : 6752
 ! Number of fails        : 551
 ! Total memory usage     : 51.3 MB (50.0 MB CP Optimizer + 1.3 MB Concert)
 ! Time spent in solve    : 0.18s (0.13s engine + 0.06s extraction)
 ! Search speed (br. / s) : 56266.7
 ! ----------------------------------------------------------------------------
! --------------------------------------------------------
! Status: OPTIMAL
! Best span = 329
! Labeling: 165 165 165 1 165 1 1 165 165 1 1 165 1 1 1 165 1 165 1 165 165 1 165 1 165 165 1 1 165 1 165 165 1 1 1 165 1 165 165 1 165 1 165 1 165 165 1 165 165 1 165 165 165 1 1 1 1 165 1 1 165 1 1 165 165 1 1 1 1 165 165 165 165 1 1 165 165 165 1 165 165 1 1 1 165 1 1 1 1 165 165 165 1 165 1 1 165 165 165 165 1 165 165 165 165 165 165 1 165 165 165 165 165 165 165 1 165 1 1 1 1 165 1 1 165 165 165 1 1 1 165 165 165 1 165 1 1 165 165 1 1 165 165 1 1 1 165 165 1 165 1 165 1 165 1 1 165 165 165 1 1 1 1 1 165 165 1 165 165 1 1 1 165 1 1 165 165 165 165 165 165 1 1 1 165 1 1 1 165 1 1 1 1 165 1 1 1 165 165 165 1 1 1 1 165 1 1 1 1 1 1 1 1 1 1 165 165 165 1 165 165 1 1 165 165 1 1 1 165 165 165 1 1 1 1 165 1 165 1 165 165 165 165 165 1 165 165 1 1 165 1 1 165 165 165 165 165 165 165 165 1 165 1 165 1 165 165 165 165 165 1 1 1 165 1 165 165 165 1 1 165 1 1 165 1 1 1 1 1 165 165 1 165 1 165 1 1 1 1 1 165 165 1 165 1 1 1 165 1 165 165 165 1 165 165 1 1 1 1 165 1 1 1 165 165 1 165 1 165 165 165 165 1 1 165 165 165 165 1 1 165 1 165 165 165 1 165 165 1 165 1 165 165 1 1 165 165 165 165 165 1 1 165 165 165 1 165 165 1 1 165 329 1 165 165 165 165 1 165 165 165 165 1 165 165 165 165 165 1 1 165 165 165 1 1 1 1 165 165 1 1 165 165 1 165 165 1 1 1 165 1 165 165 165 1 1 165 1 165 1 1 165 165 165 1 1 165 165 1 165 165 1 165 165 1 165 165 165 165 1 165 1 1 165 165 1 165 165 1 1 165 1 1 1 165 165 165 165 165 1 165 1 1 1 1 1 1 1 1 165 1 165 165 165 165 165 165 1 1 165 1 1 165 165 165 1 165 1 1 165 165 1 1 1 165 165 165 1 165 165 1 1 165 1 1 1 1 165 1 165 1 1 1 165 165 165 165 165 1 1 165 165 1 1 165 1 165 1 1 1 165 1 1 1 1 1 1 1 165 1 1 165 165 1 1 1 1 1 165 165 1 1 165 165 165 165 165 1 165 1 165 1 165 1 165 1 1 1 165 1 1 165 1 1 165 165 165 1 1 165 165 1 165 165 1 1 165 1 165 165 165 165 165 1 165 165 1 1 1 1 165 165 165 165 1 1 1 1 1 165 165 1 1 165 165 1 1 165 165 1 1 165 1 165 165 165 1 1 1 1 165 1 1 1 165 165 1 165 1 1 1 1 1 1 165 165 1 1 1 165 1 1 1 1 165 165 1 165 165 1 1 1 165 1 1 1 165 165 1 165 1 165 165 165 165 
! -------------------------------------------------------- 
! All verification passed
