! Solving for graph /home/truongxuanhieu/CPLEX-CP-for-MinSpanLabeling/benchmarks/abp/U-662_bus.mtx.rnd
! Target value is set to 220
! Lower bound is set to 221
! Upper bound is set to 662
! Time limit is set to 1800
! Vertices mode is set to No hole
! Target value mode is set to Antibandwidth
 ! --------------------------------------------------- CP Optimizer 22.2.0.0 --
 ! Minimization problem - 663 variables, 2231 constraints, 1 phase
 ! Presolve      : 662 extractables eliminated, 1 constraint generated
 ! TimeLimit            = 1800
 ! LogVerbosity         = Terse
 ! Initial process time : 0.15s (0.15s extraction + 0.00s propagation)
 !  . Log search space  : 6211.2 (before), 6211.2 (after)
 !  . Memory usage      : 1.6 MB (before), 1.6 MB (after)
 ! Using parallel search with 8 workers.
 ! ----------------------------------------------------------------------------
 !          Best Branches  Non-fixed    W       Branch decision
                        0        663                 -
 + New bound is 221
                        0        663    1   F        -
 + New bound is 440
 *           662    11388  8.74s        1      (gap is 33.53%)
             662     364k         14    1   F        -
 + New bound is 444 (gap is 32.93%)
             662     798k        650    1            -
 + New bound is 662 (gap is 0.00%)
 ! ----------------------------------------------------------------------------
 ! Search completed, 1 solution found.
 ! Best objective         : 662 (optimal - effective tol. is 0)
 ! Best bound             : 662
 ! ----------------------------------------------------------------------------
 ! Number of branches     : 5487688
 ! Number of fails        : 2422628
 ! Total memory usage     : 215.6 MB (210.6 MB CP Optimizer + 5.1 MB Concert)
 ! Time spent in solve    : 834.81s (834.67s engine + 0.15s extraction)
 ! Search speed (br. / s) : 6574.8
 ! ----------------------------------------------------------------------------
! --------------------------------------------------------
! Status: OPTIMAL
! Best span = 662
! Labeling: 415 69 135 189 352 188 273 401 250 253 30 353 142 296 354 299 528 40 45 183 251 302 472 306 36 595 458 613 327 381 524 254 255 432 451 455 318 230 28 176 382 368 29 579 393 46 304 76 529 182 245 118 431 433 517 225 294 425 383 580 467 618 623 287 649 441 92 549 26 171 439 22 446 469 362 523 170 365 109 443 207 190 234 164 450 113 99 184 226 221 283 408 570 442 158 369 390 419 196 644 32 174 259 398 444 249 541 506 460 90 364 14 402 58 100 95 223 435 585 131 571 513 562 97 203 19 491 619 492 632 11 554 12 307 507 601 44 55 149 235 60 323 590 80 539 391 257 129 260 409 102 103 468 81 275 286 407 179 336 505 41 227 195 478 310 27 229 641 582 10 187 105 233 499 558 515 1 50 366 121 220 33 626 385 535 62 436 482 172 345 574 556 351 104 264 297 181 335 538 31 377 65 167 569 511 232 461 285 370 98 600 277 378 416 553 519 418 392 70 35 228 485 637 577 192 470 620 614 376 395 494 218 567 437 405 108 328 615 627 168 633 309 59 169 346 133 263 160 608 592 288 66 124 477 371 252 173 111 394 612 403 454 414 186 18 357 43 114 561 333 54 246 639 645 20 320 265 330 474 51 520 134 650 651 153 661 635 15 457 4 130 531 560 593 82 52 53 289 319 536 215 85 607 322 438 486 86 337 503 534 380 303 384 159 258 453 611 630 350 325 57 389 6 597 447 532 194 201 266 456 140 445 9 214 546 591 602 199 459 516 628 589 166 224 355 305 521 471 180 321 202 242 652 640 473 2 316 237 643 311 61 622 483 106 301 25 67 143 594 210 434 596 279 642 386 476 349 584 428 93 3 126 300 331 412 616 638 115 177 464 498 211 576 122 132 21 423 537 313 396 421 281 363 356 42 359 653 87 243 358 542 448 268 647 557 463 530 540 236 148 440 621 388 23 156 205 231 17 631 312 7 490 209 654 501 292 636 112 543 360 48 276 344 508 575 417 308 197 161 240 213 154 73 655 262 324 348 656 238 347 662 155 139 175 487 547 147 465 568 217 38 165 609 128 343 222 125 116 241 533 522 8 271 495 290 274 657 94 566 411 204 298 83 658 272 504 379 489 47 89 117 256 244 572 145 200 77 573 502 191 598 606 551 480 525 427 163 71 367 248 422 449 34 342 375 74 39 212 151 563 406 341 399 206 127 496 146 119 107 387 157 583 372 475 400 216 429 599 314 564 162 404 629 198 617 587 110 497 426 603 178 68 452 150 219 338 518 193 261 37 5 588 329 284 604 96 512 646 578 79 493 374 332 466 63 544 88 280 514 185 479 648 91 56 247 269 509 136 550 334 361 510 137 659 282 315 339 500 16 559 625 270 548 527 581 462 565 317 555 660 481 101 397 239 291 545 586 624 24 64 373 13 141 72 410 144 340 326 84 552 78 420 430 634 123 413 605 49 293 484 488 424 610 138 267 152 295 75 278 526 120 208 
! -------------------------------------------------------- 
! All verification passed
