! Solving for graph /home/truongxuanhieu/CPLEX-CP-for-MinSpanLabeling/benchmarks/abp/W-685_bus.mtx.rnd
! Target value is set to 136
! Lower bound is set to 137
! Upper bound is set to 685
! Time limit is set to 1800
! Vertices mode is set to No hole
! Target value mode is set to Antibandwidth
 ! --------------------------------------------------- CP Optimizer 22.2.0.0 --
 ! Minimization problem - 686 variables, 2653 constraints, 1 phase
 ! Presolve      : 685 extractables eliminated, 1 constraint generated
 ! TimeLimit            = 1800
 ! LogVerbosity         = Terse
 ! Initial process time : 0.13s (0.13s extraction + 0.00s propagation)
 !  . Log search space  : 6460.8 (before), 6460.8 (after)
 !  . Memory usage      : 1.7 MB (before), 1.7 MB (after)
 ! Using parallel search with 8 workers.
 ! ----------------------------------------------------------------------------
 !          Best Branches  Non-fixed    W       Branch decision
                        0        686                 -
 + New bound is 137
                        0        686    1   F        -
 + New bound is 272
 *           681    31840  6.83s        2      (gap is 60.06%)
 ! ----------------------------------------------------------------------------
 ! Search terminated by limit, 1 solution found.
 ! Best objective         : 681 (gap is 60.06%)
 ! Best bound             : 272
 ! ----------------------------------------------------------------------------
 ! Number of branches     : 46843741
 ! Number of fails        : 19510076
 ! Total memory usage     : 437.3 MB (431.8 MB CP Optimizer + 5.6 MB Concert)
 ! Time spent in solve    : 1800.15s (1800.02s engine + 0.13s extraction)
 ! Search speed (br. / s) : 26024.0
 ! ----------------------------------------------------------------------------
! --------------------------------------------------------
! Status: FEASIBLE (optimality not proven)
! Best span = 681
! Labeling: 1 296 264 4 18 70 383 208 357 131 268 200 575 375 224 279 164 506 612 448 513 302 332 516 407 602 170 173 481 452 586 365 319 523 285 99 98 460 514 606 47 618 585 204 672 593 60 256 600 88 511 547 242 9 122 12 162 393 636 564 619 214 223 211 265 189 557 38 136 545 29 155 67 645 492 525 1 307 376 625 63 17 508 2 439 599 387 594 385 35 556 83 55 199 222 91 527 443 139 480 479 65 229 248 446 238 188 339 330 494 355 138 235 124 246 226 650 658 110 412 364 490 107 227 96 462 85 127 289 473 181 241 588 130 528 25 217 218 273 634 576 78 616 356 325 538 300 39 105 280 558 297 434 661 470 7 554 298 390 382 90 185 165 64 430 5 397 566 474 94 263 531 635 670 333 313 100 209 666 169 399 221 61 465 487 584 158 416 551 311 245 457 488 148 117 546 323 353 259 471 381 73 571 472 522 95 179 15 292 499 193 518 327 166 182 272 79 533 358 624 458 451 237 19 444 205 500 631 160 253 174 40 293 352 378 1 68 438 373 521 534 191 308 37 642 178 20 142 335 28 392 59 350 453 391 485 637 548 32 441 401 274 349 184 363 43 405 336 97 194 207 442 408 643 81 58 343 360 8 436 119 133 570 22 655 502 422 270 652 398 583 271 505 400 281 536 276 153 159 581 167 240 420 14 428 329 254 509 620 128 659 348 549 320 203 104 560 676 135 168 258 49 143 215 139 595 665 463 507 163 326 53 569 601 46 337 282 13 186 301 395 277 114 249 30 251 266 303 532 563 589 317 432 468 344 351 414 617 371 431 338 304 591 504 45 132 111 667 484 80 291 377 614 74 196 171 151 108 367 580 269 615 287 423 626 255 582 345 187 632 3 113 450 146 466 16 541 388 413 137 498 384 288 324 535 540 628 347 239 478 147 340 183 611 82 669 161 243 106 539 454 86 664 314 87 305 406 577 72 50 206 102 568 310 154 101 647 247 433 524 328 71 394 144 573 610 410 134 36 550 501 220 476 449 118 103 641 180 1 141 145 230 362 497 62 517 437 321 361 596 409 565 403 681 435 51 607 608 496 680 116 216 250 257 26 424 294 415 295 77 489 515 120 605 389 590 316 54 543 89 149 21 386 427 177 210 219 109 421 6 475 493 512 467 57 157 334 486 380 322 34 572 76 369 56 33 654 445 261 651 190 455 529 578 93 126 354 597 629 24 152 262 225 553 461 459 284 233 10 495 675 69 609 630 648 315 212 483 592 331 646 366 574 559 510 396 603 374 456 112 260 228 426 299 425 604 627 552 544 286 23 231 172 156 644 379 404 657 429 526 52 41 309 370 418 27 674 638 662 125 150 195 482 123 561 660 464 530 613 663 419 341 368 621 275 537 342 232 542 520 587 48 477 44 283 244 11 411 678 668 653 75 671 202 267 503 236 673 176 622 129 633 306 31 562 417 519 121 252 346 213 66 491 469 656 197 567 192 440 140 623 318 372 198 115 640 278 402 639 679 201 175 234 92 42 555 312 649 598 677 290 84 579 447 359 
! -------------------------------------------------------- 
! All verification passed
