! Solving for graph /home/truongxuanhieu/CPLEX-CP-for-MinSpanLabeling/benchmarks/abp/S-sherman4.mtx.rnd
! Target value is set to 195
! Lower bound is set to 196
! Upper bound is set to 409
! Time limit is set to 1800
! Vertices mode is set to Has hole
! Target value mode is set to Antibandwidth
 ! --------------------------------------------------- CP Optimizer 22.2.0.0 --
 ! Minimization problem - 547 variables, 1344 constraints, 1 phase
 ! TimeLimit            = 1800
 ! LogVerbosity         = Terse
 ! Initial process time : 0.02s (0.02s extraction + 0.00s propagation)
 !  . Log search space  : 4738.6 (before), 4738.6 (after)
 !  . Memory usage      : 917.3 kB (before), 917.3 kB (after)
 ! Using parallel search with 8 workers.
 ! ----------------------------------------------------------------------------
 !          Best Branches  Non-fixed    W       Branch decision
                        0        547                 -
 + New bound is 196
 *           196        1  0.13s        1      (gap is 0.00%)
 ! ----------------------------------------------------------------------------
 ! Search completed, 1 solution found.
 ! Best objective         : 196 (optimal - effective tol. is 0)
 ! Best bound             : 196
 ! ----------------------------------------------------------------------------
 ! Number of branches     : 4008
 ! Number of fails        : 136
 ! Total memory usage     : 38.0 MB (37.3 MB CP Optimizer + 0.7 MB Concert)
 ! Time spent in solve    : 0.13s (0.11s engine + 0.02s extraction)
 ! Search speed (br. / s) : 40080.0
 ! ----------------------------------------------------------------------------
! --------------------------------------------------------
! Status: OPTIMAL
! Best span = 196
! Labeling: 196 196 1 1 1 196 196 196 196 196 1 196 196 1 196 196 196 1 1 1 196 1 1 196 1 1 196 196 196 1 1 1 1 1 196 196 1 196 1 196 196 1 196 1 1 1 1 1 1 1 1 1 196 196 1 196 196 1 1 1 1 1 1 1 1 196 1 196 1 196 1 196 196 196 196 196 196 1 196 196 1 1 196 1 196 196 1 196 196 196 196 196 1 1 196 1 196 1 1 1 1 196 196 1 1 1 1 196 1 196 1 196 196 196 196 1 1 1 1 1 196 1 1 1 1 1 1 196 1 1 196 1 1 1 1 196 196 1 196 1 1 1 196 196 196 196 196 196 1 196 196 1 196 196 1 1 1 1 196 196 196 196 1 196 1 1 196 1 196 196 196 196 1 1 196 1 1 1 196 196 196 196 196 196 196 1 1 1 1 196 196 1 196 1 1 1 196 196 196 1 196 196 196 1 1 1 196 196 1 196 196 1 196 1 196 196 1 196 1 1 1 1 196 196 196 1 196 1 1 196 1 196 196 1 1 1 1 196 196 196 1 1 196 196 1 1 1 1 196 196 196 196 1 1 1 1 196 1 1 196 196 1 196 196 1 1 1 1 1 1 196 1 1 196 196 196 1 196 1 1 1 196 1 196 1 1 196 1 1 196 196 1 1 1 1 1 196 196 1 1 196 196 196 196 196 1 196 196 196 196 1 1 196 1 196 1 196 196 1 196 1 1 196 196 1 196 196 1 1 196 196 196 1 1 1 1 1 1 196 196 1 1 196 1 1 196 1 196 1 196 196 196 1 196 1 196 196 196 196 196 196 196 196 1 196 1 1 1 1 196 1 196 196 196 196 1 196 196 1 196 196 196 1 1 1 196 1 196 196 196 196 1 196 1 1 1 196 196 196 1 1 1 196 196 1 196 1 196 196 1 196 1 1 1 1 196 196 196 1 196 196 196 196 1 1 1 196 196 196 196 1 196 196 1 1 1 1 196 1 1 196 196 1 196 196 196 1 196 196 1 196 1 1 1 1 196 196 196 196 196 1 1 196 196 1 196 1 1 1 1 196 1 1 196 196 1 196 1 196 1 1 196 196 1 196 196 196 196 1 196 196 196 196 1 196 1 196 1 196 196 1 196 1 1 1 1 1 1 196 1 1 1 1 1 1 1 196 1 196 1 196 196 196 1 196 196 1 1 1 196 1 196 196 1 1 196 196 196 1 196 196 196 196 196 1 1 
! -------------------------------------------------------- 
! All verification passed
