! Solving for graph /home/truongxuanhieu/CPLEX-CP-for-MinSpanLabeling/benchmarks/abp/V-nos6.mtx.rnd
! Target value is set to 246
! Lower bound is set to 247
! Upper bound is set to 506
! Time limit is set to 1800
! Vertices mode is set to Has hole
! Target value mode is set to Antibandwidth
 ! --------------------------------------------------- CP Optimizer 22.2.0.0 --
 ! Minimization problem - 676 variables, 1293 constraints, 1 phase
 ! TimeLimit            = 1800
 ! LogVerbosity         = Terse
 ! Initial process time : 0.02s (0.02s extraction + 0.00s propagation)
 !  . Log search space  : 6066.9 (before), 6066.9 (after)
 !  . Memory usage      : 1.0 MB (before), 1.0 MB (after)
 ! Using parallel search with 8 workers.
 ! ----------------------------------------------------------------------------
 !          Best Branches  Non-fixed    W       Branch decision
                        0        676                 -
 + New bound is 247
 *           247        1  0.15s        1      (gap is 0.00%)
 ! ----------------------------------------------------------------------------
 ! Search completed, 1 solution found.
 ! Best objective         : 247 (optimal - effective tol. is 0)
 ! Best bound             : 247
 ! ----------------------------------------------------------------------------
 ! Number of branches     : 4009
 ! Number of fails        : 274
 ! Total memory usage     : 48.4 MB (47.7 MB CP Optimizer + 0.7 MB Concert)
 ! Time spent in solve    : 0.15s (0.13s engine + 0.02s extraction)
 ! Search speed (br. / s) : 33408.3
 ! ----------------------------------------------------------------------------
! --------------------------------------------------------
! Status: OPTIMAL
! Best span = 247
! Labeling: 1 1 1 247 1 247 247 1 1 247 247 1 247 247 247 1 247 1 247 1 1 247 1 247 1 1 247 247 1 247 1 1 247 247 247 1 247 1 1 247 1 247 1 247 1 1 247 1 1 247 1 1 1 247 247 247 247 1 247 247 1 247 247 1 1 247 247 247 247 1 1 1 1 247 247 1 1 1 247 1 1 247 247 247 1 247 247 247 247 1 1 1 247 1 247 247 1 1 1 1 247 1 1 1 1 1 1 247 1 1 1 1 1 1 1 247 1 247 247 247 247 1 247 247 1 1 1 247 247 247 1 1 1 247 1 247 247 1 1 247 247 1 1 247 247 247 1 1 247 1 247 1 247 1 247 247 1 1 1 247 247 247 247 247 1 1 247 1 1 247 247 247 1 247 247 1 1 1 1 1 1 247 247 247 1 247 247 247 1 247 247 247 247 1 247 247 247 1 1 1 247 247 247 247 1 247 247 247 247 247 247 247 247 247 247 1 1 1 247 1 1 247 247 1 1 247 247 247 1 1 1 247 247 247 247 1 247 1 247 1 1 1 1 1 247 1 1 247 247 1 247 247 1 1 1 1 1 1 1 1 247 1 247 1 247 1 1 1 1 1 247 247 247 1 247 1 1 1 247 247 1 247 247 1 247 247 247 247 247 1 1 247 1 247 1 247 247 247 247 247 1 1 247 1 247 247 247 1 247 1 1 1 247 1 1 247 247 247 247 1 247 247 247 1 1 247 1 247 1 1 1 1 247 247 1 1 1 1 247 247 1 247 1 1 1 247 1 1 247 1 247 1 1 247 247 1 1 1 1 1 247 247 1 1 1 247 1 1 247 247 1 247 247 1 1 1 1 247 1 1 1 1 247 1 1 1 1 1 247 247 1 1 1 247 247 247 247 1 1 247 247 1 1 247 1 1 247 247 247 1 247 1 1 1 247 247 1 247 1 247 247 1 1 1 247 247 1 1 247 1 1 247 1 1 247 1 1 1 1 247 1 247 247 1 1 247 1 1 247 247 1 247 247 247 1 1 1 1 1 247 1 247 247 247 247 247 247 247 247 1 247 1 1 1 1 1 1 247 247 1 247 247 1 1 1 247 1 247 247 1 1 247 247 247 1 1 1 247 1 1 247 247 1 247 247 247 247 1 247 1 247 247 247 1 1 1 1 1 247 247 1 1 247 247 1 247 1 247 247 247 1 247 247 247 247 247 247 247 1 247 247 1 1 247 247 247 247 247 1 1 247 247 1 1 1 1 1 247 1 247 1 247 1 247 1 247 247 247 1 247 247 1 247 247 1 1 1 247 247 1 1 247 1 1 247 247 1 247 1 1 1 1 1 247 1 1 247 247 247 247 1 1 1 1 247 247 247 247 247 1 1 247 247 1 1 247 247 1 1 247 247 1 247 1 1 1 247 247 247 247 1 247 247 247 1 1 247 1 247 247 247 247 247 247 1 1 247 247 247 1 247 247 247 247 1 1 247 1 1 247 247 247 1 247 247 247 1 1 247 1 247 1 1 1 1 
! -------------------------------------------------------- 
! All verification passed
