! Solving for graph /home/truongxuanhieu/CPLEX-CP-for-MinSpanLabeling/benchmarks/cabp/V-nos6.mtx.rnd
! Target value is set to 328
! Lower bound is set to 329
! Upper bound is set to 675
! Time limit is set to 1800
! Vertices mode is set to No hole
! Target value mode is set to Cyclic Antibandwidth
 ! --------------------------------------------------- CP Optimizer 22.2.0.0 --
 ! Minimization problem - 676 variables, 2641 constraints, 1 phase
 ! Presolve      : 675 extractables eliminated, 1 constraint generated
 ! TimeLimit            = 1800
 ! LogVerbosity         = Terse
 ! Initial process time : 0.18s (0.18s extraction + 0.00s propagation)
 !  . Log search space  : 6343.8 (before), 6343.8 (after)
 !  . Memory usage      : 3.5 MB (before), 3.5 MB (after)
 ! Using parallel search with 8 workers.
 ! ----------------------------------------------------------------------------
 !          Best Branches  Non-fixed    W       Branch decision
                        0        676                 -
 + New bound is 656
                       22        675    1   F   329 != _int372
 + New bound is 657
 *           675    1708k  1019.63s     7      (gap is 2.67%)
 ! ----------------------------------------------------------------------------
 ! Search terminated by limit, 1 solution found.
 ! Best objective         : 675 (gap is 2.67%)
 ! Best bound             : 657
 ! ----------------------------------------------------------------------------
 ! Number of branches     : 24215264
 ! Number of fails        : 11852879
 ! Total memory usage     : 289.9 MB (283.7 MB CP Optimizer + 6.2 MB Concert)
 ! Time spent in solve    : 1800.20s (1800.02s engine + 0.18s extraction)
 ! Search speed (br. / s) : 13452.8
 ! ----------------------------------------------------------------------------
! --------------------------------------------------------
! Status: FEASIBLE (optimality not proven)
! Best span = 675
! Labeling: 1 477 35 345 479 313 262 608 631 465 192 85 184 168 343 576 305 496 388 527 118 227 515 417 508 123 340 142 644 309 50 569 372 421 387 90 379 595 3 215 38 279 93 281 89 593 454 501 587 251 28 62 557 287 314 285 243 53 205 161 613 449 191 484 66 140 440 145 163 609 497 6 119 303 193 512 110 574 398 625 128 415 174 326 116 173 411 426 297 55 556 86 246 555 456 365 648 560 24 567 357 596 100 104 564 60 5 453 671 588 636 672 529 600 585 135 17 250 203 447 277 7 155 164 630 79 11 208 418 269 519 503 618 178 598 360 317 535 67 259 166 544 622 252 383 430 46 591 172 52 223 558 222 562 240 232 29 15 607 241 384 212 157 318 92 115 332 509 20 171 260 412 467 381 300 520 80 614 637 658 97 149 451 132 571 331 348 429 518 351 299 466 320 605 211 158 397 483 633 96 308 404 271 373 584 280 292 399 170 461 195 390 427 219 334 474 480 516 324 570 72 306 288 54 537 377 325 369 575 27 523 254 197 312 213 545 162 70 315 647 666 616 490 499 273 668 553 294 333 628 389 316 107 487 568 481 26 58 592 531 433 662 425 522 199 543 573 641 23 656 217 391 257 10 394 485 21 40 463 339 565 224 434 511 141 304 368 378 275 645 528 428 640 221 59 328 396 347 139 458 604 542 144 36 226 405 266 638 301 486 106 517 196 646 51 198 445 225 228 620 322 204 263 669 63 385 649 237 117 504 525 639 136 402 472 95 13 73 307 210 74 327 114 580 594 296 475 71 354 552 382 12 478 245 358 131 589 124 127 94 441 431 41 109 34 323 134 615 256 414 655 137 319 548 505 617 49 206 533 663 536 108 230 112 105 37 652 563 436 258 84 654 675 229 401 146 293 83 514 295 311 81 39 153 651 125 159 438 302 632 330 64 91 495 207 133 629 220 524 148 423 539 603 665 291 395 30 586 416 626 68 464 9 76 460 507 634 469 538 471 45 356 446 31 579 154 122 670 386 282 473 242 342 236 502 547 513 657 129 344 82 459 359 239 442 265 283 286 238 102 233 602 612 561 44 120 61 189 424 130 370 400 661 673 111 270 18 202 450 489 494 255 160 363 635 534 619 138 549 4 364 249 541 435 362 272 392 546 151 57 380 439 231 491 121 87 554 582 267 194 493 25 310 452 99 329 98 448 165 444 653 407 335 468 278 214 376 298 624 156 413 559 540 422 183 247 341 457 667 88 346 462 590 551 572 660 32 186 77 410 43 290 611 261 476 455 419 216 606 169 190 48 150 187 498 33 643 437 336 642 113 234 16 103 432 188 47 175 488 19 75 530 664 253 126 578 284 176 182 375 623 56 659 14 218 321 337 350 143 566 601 179 248 550 577 366 470 506 650 353 177 492 276 526 521 482 152 244 393 167 69 352 147 338 610 583 209 65 420 355 367 274 201 403 2 674 443 374 268 627 235 264 408 200 597 599 289 621 42 349 361 409 101 181 185 180 78 22 406 510 371 8 581 532 500 
! -------------------------------------------------------- 
! All verification passed
