! Solving for graph /home/truongxuanhieu/CPLEX-CP-for-MinSpanLabeling/benchmarks/cabp/W-685_bus.mtx.rnd
! Target value is set to 114
! Lower bound is set to 115
! Upper bound is set to 685
! Time limit is set to 1800
! Vertices mode is set to No hole
! Target value mode is set to Cyclic Antibandwidth
 ! --------------------------------------------------- CP Optimizer 22.2.0.0 --
 ! Minimization problem - 686 variables, 2653 constraints, 1 phase
 ! Presolve      : 685 extractables eliminated, 1 constraint generated
 ! TimeLimit            = 1800
 ! LogVerbosity         = Terse
 ! Initial process time : 0.17s (0.17s extraction + 0.00s propagation)
 !  . Log search space  : 6460.5 (before), 6460.5 (after)
 !  . Memory usage      : 3.5 MB (before), 3.5 MB (after)
 ! Using parallel search with 8 workers.
 ! ----------------------------------------------------------------------------
 !          Best Branches  Non-fixed    W       Branch decision
                        0        686                 -
 + New bound is 228
 *           684    22561  11.64s       7      (gap is 66.67%)
 ! ----------------------------------------------------------------------------
 ! Search terminated by limit, 1 solution found.
 ! Best objective         : 684 (gap is 66.67%)
 ! Best bound             : 228
 ! ----------------------------------------------------------------------------
 ! Number of branches     : 40080226
 ! Number of fails        : 15883141
 ! Total memory usage     : 550.1 MB (543.9 MB CP Optimizer + 6.2 MB Concert)
 ! Time spent in solve    : 1800.09s (1799.93s engine + 0.17s extraction)
 ! Search speed (br. / s) : 22267.8
 ! ----------------------------------------------------------------------------
! --------------------------------------------------------
! Status: FEASIBLE (optimality not proven)
! Best span = 684
! Labeling: 518 109 301 476 612 277 250 229 93 282 507 364 450 185 576 488 548 627 377 376 562 389 155 258 522 270 166 382 356 262 35 294 221 284 334 566 665 538 623 495 21 255 513 628 519 654 564 176 629 544 663 6 309 238 387 580 233 132 53 161 240 209 373 650 143 10 339 357 407 244 335 501 397 539 175 195 406 497 405 588 597 118 105 115 402 189 275 52 24 506 102 658 11 413 510 40 473 426 398 17 641 591 502 36 117 496 165 200 550 58 341 621 418 345 681 331 327 149 302 57 241 664 100 392 530 251 13 675 293 351 662 192 291 489 534 204 542 546 358 446 466 661 385 434 106 92 144 215 484 630 669 369 456 198 563 227 380 228 516 177 483 285 425 96 527 19 639 457 249 556 111 68 520 201 298 216 491 79 27 139 186 620 642 303 541 59 423 168 306 587 150 218 365 459 158 265 125 603 536 537 197 283 500 253 659 613 605 254 145 396 487 61 2 604 7 1 412 66 532 5 625 667 631 191 268 223 193 524 269 31 305 453 590 637 606 130 529 441 90 384 432 45 408 411 626 478 354 583 485 512 43 474 199 33 110 348 29 54 561 427 559 470 410 72 184 589 71 15 366 652 609 350 259 678 383 246 307 286 95 120 225 611 437 568 232 276 521 156 289 448 337 34 332 543 409 256 401 287 577 310 622 8 428 374 475 74 213 555 99 461 526 319 183 599 531 674 458 557 98 671 55 138 362 679 404 18 83 78 141 300 113 101 330 417 131 394 147 46 272 107 278 511 633 420 214 390 465 361 494 86 338 136 48 170 140 499 363 367 573 187 515 211 655 42 89 436 492 468 347 171 636 242 592 552 673 422 188 39 73 14 152 151 230 618 433 323 279 133 162 442 683 608 359 579 646 87 273 252 234 472 525 493 558 393 28 248 586 403 32 264 551 247 682 601 80 523 315 69 619 504 146 517 173 41 379 549 313 235 84 316 600 346 206 584 429 44 208 547 196 281 85 169 431 449 23 545 415 657 638 296 126 644 419 569 567 321 67 312 388 75 375 134 451 578 414 160 677 490 602 181 16 60 444 586 77 649 47 37 167 257 651 239 320 280 128 317 222 178 157 290 236 121 129 554 122 135 535 553 65 142 503 224 127 318 25 340 220 666 360 648 607 56 643 634 481 314 205 616 153 440 462 560 505 452 288 263 116 261 154 438 70 368 581 304 372 295 297 454 20 439 103 231 595 430 124 610 455 676 647 22 137 645 352 668 443 336 624 237 202 159 9 370 172 217 635 62 123 194 672 596 572 594 533 328 245 30 299 615 482 174 26 104 469 498 163 424 226 477 203 82 311 51 400 322 447 3 112 381 267 333 243 49 528 371 324 260 179 571 480 355 486 471 479 148 632 349 114 207 399 395 656 391 435 180 464 565 378 108 460 540 292 614 353 421 463 670 325 467 582 4 570 386 97 617 508 640 445 12 212 164 574 210 326 219 343 660 680 653 50 266 509 119 274 88 81 514 329 585 416 598 64 94 190 91 308 344 684 342 63 271 593 575 182 76 38 
! -------------------------------------------------------- 
! All verification passed
