! Solving for graph /home/truongxuanhieu/CPLEX-CP-for-MinSpanLabeling/benchmarks/abp/U-662_bus.mtx.rnd
! Target value is set to 110
! Lower bound is set to 111
! Upper bound is set to 331
! Time limit is set to 1800
! Vertices mode is set to Has hole
! Target value mode is set to Antibandwidth
 ! --------------------------------------------------- CP Optimizer 22.2.0.0 --
 ! Minimization problem - 663 variables, 909 constraints, 1 phase
 ! TimeLimit            = 1800
 ! LogVerbosity         = Terse
 ! Initial process time : 0.01s (0.01s extraction + 0.00s propagation)
 !  . Log search space  : 5548.2 (before), 5548.2 (after)
 !  . Memory usage      : 905.1 kB (before), 905.1 kB (after)
 ! Using parallel search with 8 workers.
 ! ----------------------------------------------------------------------------
 !          Best Branches  Non-fixed    W       Branch decision
                        0        663                 -
 + New bound is 111
                        2        662    1   F     1 != _int191
 + New bound is 112
 *           331      658  0.11s        1      (gap is 66.16%)
             331     6542        154    1   F   111 != _int650
 + New bound is 222 (gap is 32.93%)
             331    23251        660    2   F   112 != _int650
 + New bound is 223 (gap is 32.63%)
             331     255k        662    7   F   113 != _int605
 + New bound is 225 (gap is 32.02%)
             331     257k        144    2   F   115 != _int659
 + New bound is 226 (gap is 31.72%)
             331     289k        661    4            -
 + New bound is 331 (gap is 0.00%)
 ! ----------------------------------------------------------------------------
 ! Search completed, 1 solution found.
 ! Best objective         : 331 (optimal - effective tol. is 0)
 ! Best bound             : 331
 ! ----------------------------------------------------------------------------
 ! Number of branches     : 2157556
 ! Number of fails        : 850214
 ! Total memory usage     : 64.2 MB (63.7 MB CP Optimizer + 0.5 MB Concert)
 ! Time spent in solve    : 14.93s (14.93s engine + 0.01s extraction)
 ! Search speed (br. / s) : 144608.3
 ! ----------------------------------------------------------------------------
! --------------------------------------------------------
! Status: OPTIMAL
! Best span = 331
! Labeling: 1 111 111 1 1 111 1 221 221 1 331 1 111 1 1 1 1 221 1 1 221 1 1 221 1 111 111 221 1 111 221 1 221 111 1 1 111 111 221 111 111 1 111 221 1 111 1 111 111 111 111 1 1 1 1 1 1 111 111 1 1 221 111 221 1 331 221 111 111 221 1 221 111 1 111 1 1 1 1 1 1 1 1 1 1 1 111 111 1 111 111 1 1 221 1 1 111 1 111 1 111 111 111 111 1 1 221 111 111 1 1 1 1 111 111 1 221 111 111 1 1 111 111 111 111 221 111 111 111 221 111 221 111 221 111 1 221 111 1 111 111 111 221 1 1 111 111 1 111 111 221 221 221 1 1 221 1 111 111 111 111 1 111 1 1 111 111 1 221 221 111 1 1 221 1 1 1 1 111 111 221 1 1 1 1 221 111 1 221 1 221 111 1 111 1 221 111 221 1 111 111 111 111 1 111 221 1 111 111 1 221 1 111 1 1 111 221 1 111 111 1 1 111 1 111 111 111 1 111 111 1 1 1 1 111 1 111 1 111 1 221 1 1 1 111 111 111 1 1 111 111 1 111 1 1 221 221 221 1 111 111 111 1 111 1 1 1 1 1 221 221 1 111 111 111 111 1 111 111 111 111 111 1 1 111 221 111 1 1 221 111 111 1 1 221 111 111 1 1 1 1 1 111 1 221 1 1 111 111 1 111 221 221 1 111 111 111 111 1 221 221 111 1 1 111 111 111 1 1 221 111 111 221 111 1 111 1 221 1 221 111 111 1 1 111 1 1 1 111 1 221 111 1 111 111 111 111 111 111 1 1 111 1 1 111 111 1 111 111 1 1 1 111 1 1 221 221 111 111 221 111 221 111 111 111 111 1 221 1 1 221 1 111 221 221 1 1 1 1 1 111 1 1 111 1 111 111 111 111 1 111 111 111 1 111 1 1 1 1 111 111 1 111 111 1 1 111 111 1 111 111 1 1 1 221 1 111 111 111 1 221 1 221 111 111 1 1 1 1 111 111 111 111 221 221 1 111 1 111 1 1 1 221 1 1 1 111 1 1 1 1 111 221 111 111 331 111 1 221 111 111 111 1 221 1 111 1 221 1 111 1 1 111 111 1 1 1 221 221 111 1 331 1 1 111 111 111 1 111 1 1 221 1 1 1 111 1 1 111 111 111 1 111 111 221 111 111 1 111 111 221 111 1 1 111 221 1 111 1 1 1 111 111 221 111 111 111 1 111 1 1 1 1 111 111 1 111 1 111 221 111 111 1 111 1 111 111 111 111 1 221 1 111 1 111 1 111 1 1 111 1 111 1 1 1 111 111 1 111 1 1 1 111 221 1 1 111 111 111 111 1 111 1 1 1 111 1 1 111 1 1 1 111 111 111 111 111 111 1 111 1 221 1 1 1 111 111 111 221 1 111 221 111 1 1 111 1 1 111 221 111 1 1 111 221 1 111 221 1 111 221 221 1 1 111 111 111 1 1 1 111 221 
! -------------------------------------------------------- 
! All verification passed
