! Solving for graph /home/truongxuanhieu/CPLEX-CP-for-MinSpanLabeling/benchmarks/abp/V-nos6.mtx.rnd
! Target value is set to 164
! Lower bound is set to 165
! Upper bound is set to 337
! Time limit is set to 1800
! Vertices mode is set to Has hole
! Target value mode is set to Antibandwidth
 ! --------------------------------------------------- CP Optimizer 22.2.0.0 --
 ! Minimization problem - 676 variables, 1293 constraints, 1 phase
 ! TimeLimit            = 1800
 ! LogVerbosity         = Terse
 ! Initial process time : 0.02s (0.02s extraction + 0.00s propagation)
 !  . Log search space  : 5670.5 (before), 5670.5 (after)
 !  . Memory usage      : 1.0 MB (before), 1.0 MB (after)
 ! Using parallel search with 8 workers.
 ! ----------------------------------------------------------------------------
 !          Best Branches  Non-fixed    W       Branch decision
                        0        676                 -
 + New bound is 165
 *           165        1  0.14s        1      (gap is 0.00%)
 ! ----------------------------------------------------------------------------
 ! Search completed, 1 solution found.
 ! Best objective         : 165 (optimal - effective tol. is 0)
 ! Best bound             : 165
 ! ----------------------------------------------------------------------------
 ! Number of branches     : 4008
 ! Number of fails        : 282
 ! Total memory usage     : 40.3 MB (39.5 MB CP Optimizer + 0.7 MB Concert)
 ! Time spent in solve    : 0.14s (0.12s engine + 0.02s extraction)
 ! Search speed (br. / s) : 33400.0
 ! ----------------------------------------------------------------------------
! --------------------------------------------------------
! Status: OPTIMAL
! Best span = 165
! Labeling: 1 1 1 165 1 165 165 1 1 165 165 1 165 165 165 1 165 1 165 1 1 165 1 165 1 1 165 165 1 165 1 1 165 165 165 1 165 1 1 165 1 165 1 165 1 1 165 1 1 165 1 1 1 165 165 165 165 1 165 165 1 165 165 1 1 165 165 165 165 1 1 1 1 165 165 1 1 1 165 1 1 165 165 165 1 165 165 165 165 1 1 1 165 1 165 165 1 1 1 1 165 1 1 1 1 1 1 165 1 1 1 1 1 1 1 165 1 165 165 165 165 1 165 165 1 1 1 165 165 165 1 1 1 165 1 165 165 1 1 165 165 1 1 165 165 165 1 1 165 1 165 1 165 1 165 165 1 1 1 165 165 165 165 165 1 1 165 1 1 165 165 165 1 165 165 1 1 1 1 1 1 165 165 165 1 165 165 165 1 165 165 165 165 1 165 165 165 1 1 1 165 165 165 165 1 165 165 165 165 165 165 165 165 165 165 1 1 1 165 1 1 165 165 1 1 165 165 165 1 1 1 165 165 165 165 1 165 1 165 1 1 1 1 1 165 1 1 165 165 1 165 165 1 1 1 1 1 1 1 1 165 1 165 1 165 1 1 1 1 1 165 165 165 1 165 1 1 1 165 165 1 165 165 1 165 165 165 165 165 1 1 165 1 165 1 165 165 165 165 165 1 1 165 1 165 165 165 1 165 1 1 1 165 1 1 165 165 165 165 1 165 165 165 1 1 165 1 165 1 1 1 1 165 165 1 1 1 1 165 165 1 165 1 1 1 165 1 1 165 1 165 1 1 165 165 1 1 1 1 1 165 165 1 1 1 165 1 1 165 165 1 165 165 1 1 1 1 165 1 1 1 1 165 1 1 1 1 1 165 165 1 1 1 165 165 165 165 1 1 165 165 1 1 165 1 1 165 165 165 1 165 1 1 1 165 165 1 165 1 165 165 1 1 1 165 165 1 1 165 1 1 165 1 1 165 1 1 1 1 165 1 165 165 1 1 165 1 1 165 165 1 165 165 165 1 1 1 1 1 165 1 165 165 165 165 165 165 165 165 1 165 1 1 1 1 1 1 165 165 1 165 165 1 1 1 165 1 165 165 1 1 165 165 165 1 1 1 165 1 1 165 165 1 165 165 165 165 1 165 1 165 165 165 1 1 1 1 1 165 165 1 1 165 165 1 165 1 165 165 165 1 165 165 165 165 165 165 165 1 165 165 1 1 165 165 165 165 165 1 1 165 165 1 1 1 1 1 165 1 165 1 165 1 165 1 165 165 165 1 165 165 1 165 165 1 1 1 165 165 1 1 165 1 1 165 165 1 165 1 1 1 1 1 165 1 1 165 165 165 165 1 1 1 1 165 165 165 165 165 1 1 165 165 1 1 165 165 1 1 165 165 1 165 1 1 1 165 165 165 165 1 165 165 165 1 1 165 1 165 165 165 165 165 165 1 1 165 165 165 1 165 165 165 165 1 1 165 1 1 165 165 165 1 165 165 165 1 1 165 1 165 1 1 1 1 
! -------------------------------------------------------- 
! All verification passed
